init 0 ndet 
30
4
4
5
10
24
21
22
-1
5
25
28
29
-1
27
26
23
20
7
-1
20
21
22
8
14
15
18
-1
17
16
-1
1
25
10
-1
27
11
29
-1
2
23
20
19
-1
22
21
3
14
13
-1
17
16
18
19
-1
5
25
24
0
-1
6
29
28
26
27
-1
16
15
14
13
-1
12
14
8
-1
13
8
3
15
12
-1
16
18
3
14
12
-1
18
9
17
4
15
12
-1
4
16
9
-1
9
16
15
3
20
19
-1
19
7
2
23
21
3
18
-1
7
20
18
9
-1
3
8
22
0
24
23
20
18
3
-1
0
24
21
8
-1
23
21
22
0
10
25
26
-1
24
26
2
20
21
-1
24
25
28
11
27
2
23
-1
28
1
5
29
20
24
-1
29
1
25
26
11
-1
6
11
28
25
1
-1
-1
1
1
exit

















