init 0 ndet
40
5
5
5
37
36
31
6
38
-1
33
34
8
23
29
32
-1
11
28
21
20
-1
23
22
17
16
5
21
-1
27
9
19
18
-1
15
16
3
21
20
-1
0
38
30
11
31
-1
35
33
12
37
39
-1
13
26
24
23
1
34
-1
27
4
19
14
25
-1
18
19
17
16
15
-1
2
28
31
6
30
-1
7
37
36
33
32
-1
27
26
8
34
35
-1
9
19
22
24
25
-1
10
16
5
-1
17
10
15
5
3
-1
19
10
16
3
22
-1
4
19
10
-1
4
18
10
17
22
14
9
-1
21
5
2
28
-1
23
3
5
20
28
29
-1
22
3
21
29
1
8
24
-1
24
14
19
17
3
23
-1
25
14
22
23
8
26
-1
26
24
14
9
27
-1
27
13
8
24
25
9
-1
35
33
1
8
13
-1
13
34
33
7
-1
29
32
31
11
2
20
21
-1
28
32
1
23
21
-1
32
36
37
0
6
11
28
-1
33
12
36
31
28
29
1
-1
34
35
7
12
32
1
-1
37
0
31
32
12
-1
39
7
12
36
31
0
-1
37
7
-1
0
6
30
-1
6
38
11
-1
1
3
exit
















